1727187I|4106605|01.20264303761888|E806509|0|0.206|0|0|0.206|0|||25900863|+|22
1727187I|4106605|01.20264303761888|E806509|0|0.206|0|0|0.206|0|||25900881|+|1
1727187I|4106605|01.20264303761888|E806509|0|0.206|0|0|0.206|0|||25900990|+|27
1727187I|4106605|01.20264303761888|E806509|0|0.206|0|0|0.206|0|1||25900812|+|1
1727187I|4106605|01.20264303761888|E806509|0|0.206|0|0|0.206|0|1||25900828|*-|3
1727187I|4106605|01.20264303761888|E806509|0|0.206|0|0|0.206|0|1||25900828|*+|3
1727187I|4106605|01.20264303761888|E806509|0|0.206|0|0|0.206|0|1||25900830|-|1
1727187I|4106605|01.20264303761888|E806509|0|0.206|0|0|0.206|0|1||25900830|+|1
1727187I|4106605|01.20264303761888|E806509|0|0.206|0|0|0.206|0|2||25900761|+|1
1727187I|4106605|01.20264303761888|E806509|0|0.206|0|0|0.206|0|2||25900762|-|1
1727187I|4106605|01.20264303761888|E806509|0|0.206|0|0|0.206|0|2||25900810|-|4
1727187I|4106605|01.20264303761888|E806509|0|0.206|0|0|0.206|0|2||25900810|+|1
1727187I|4106605|01.20264303761888|E806509|0|0.206|0|0|0.206|0|2||25900812|+|1
1727187I|4106605|01.20264303761888|E806509|0|0.206|0|0|0.206|0|2||25900853|-|1
1727187I|4106605|01.20264303761888|E806509|0|0.206|0|0|0.206|0|2||25900853|+|1
1727187I|4106605|01.20264303761888|E806509|0|0.206|0|0|0.206|0|2||25900854|+|1
1727187I|4106605|01.20264303761888|E806509|0|0.206|0|0|0.206|0|2||25900942|+|6
1727187I|4106605|01.20264303761888|E806509|0|0.206|0|0|0.206|0|2|3|25900792|-|0.1764
1727187I|4106605|01.20264303761888|E806509|0|0.206|0|0|0.206|0|2|3|25900940|+|0.0441
1727187I|4106605|01.20264303761888|E806509|0|0.206|0|0|0.206|0|3||25900762|-|1
1727187I|4106605|01.20264303761888|E806509|0|0.206|0|0|0.206|0|3||25900805|-|4
1727187I|4106605|01.20264303761888|E806509|0|0.206|0|0|0.206|0|3||25900810|-|11
1727187I|4106605|01.20264303761888|E806509|0|0.206|0|0|0.206|0|3||25900810|+|3
1727187I|4106605|01.20264303761888|E806509|0|0.206|0|0|0.206|0|3||25900812|+|1
1727187I|4106605|01.20264303761888|E806509|0|0.206|0|0|0.206|0|3||25900853|-|3
1727187I|4106605|01.20264303761888|E806509|0|0.206|0|0|0.206|0|3||25900853|+|3
1727187I|4106605|01.20264303761888|E806509|0|0.206|0|0|0.206|0|3||25900854|+|3
1727187I|4106605|01.20264303761888|E806509|0|0.206|0|0|0.206|0|3||25900883|+|3
1727187I|4106605|01.20264303761888|E806509|0|0.206|0|0|0.206|0|3||25900942|+|11
1727187I|4106605|01.20264303761888|E806509|0|0.206|0|0|0.206|0|3||25900944|+|1
1727187I|4106605|01.20264303761888|E806509|0|0.206|0|0|0.206|0|3|4|25900792|-|0.1764
1727187I|4106605|01.20264303761888|E806509|0|0.206|0|0|0.206|0|3|4|25900940|+|0.0441
1727187I|4106605|01.20264303761888|E806509|0|0.206|0|0|0.206|0|4||25900762|-|1
1727187I|4106605|01.20264303761888|E806509|0|0.206|0|0|0.206|0|4||25900805|-|4
1727187I|4106605|01.20264303761888|E806509|0|0.206|0|0|0.206|0|4||25900810|-|4
1727187I|4106605|01.20264303761888|E806509|0|0.206|0|0|0.206|0|4||25900810|+|1
1727187I|4106605|01.20264303761888|E806509|0|0.206|0|0|0.206|0|4||25900812|+|1
1727187I|4106605|01.20264303761888|E806509|0|0.206|0|0|0.206|0|4||25900853|-|1
1727187I|4106605|01.20264303761888|E806509|0|0.206|0|0|0.206|0|4||25900853|+|1
1727187I|4106605|01.20264303761888|E806509|0|0.206|0|0|0.206|0|4||25900854|+|1
1727187I|4106605|01.20264303761888|E806509|0|0.206|0|0|0.206|0|4||25900942|+|6
1727187I|4106605|01.20264303761888|E806509|0|0.206|0|0|0.206|0|4||25900944|+|1
1727187I|4106605|01.20264303761888|E806509|0|0.206|0|0|0.206|0|4|5|25900792|-|0.164
1727187I|4106605|01.20264303761888|E806509|0|0.206|0|0|0.206|0|4|5|25900940|+|0.041
1727187I|4106605|01.20264303761888|E806509|0|0.206|0|0|0.206|0|5||25900762|-|1
1727187I|4106605|01.20264303761888|E806509|0|0.206|0|0|0.206|0|5||25900805|-|4
1727187I|4106605|01.20264303761888|E806509|0|0.206|0|0|0.206|0|5||25900810|-|2
1727187I|4106605|01.20264303761888|E806509|0|0.206|0|0|0.206|0|5||25900812|+|1
1727187I|4106605|01.20264303761888|E806509|0|0.206|0|0|0.206|0|5||25900942|+|5
1727187I|4106605|01.20264303761888|E806509|0|0.206|0|0|0.206|0|5||25900944|+|1
1727187I|4106605|01.20264303761888|E806509|0|0.206|0|0|0.206|0|5|6|25900792|-|0.164
1727187I|4106605|01.20264303761888|E806509|0|0.206|0|0|0.206|0|5|6|25900940|+|0.041
1727187I|4106605|01.20264303761888|E806509|0|0.206|0|0|0.206|0|6||25900762|-|1
1727187I|4106605|01.20264303761888|E806509|0|0.206|0|0|0.206|0|6||25900805|-|4
1727187I|4106605|01.20264303761888|E806509|0|0.206|0|0|0.206|0|6||25900810|-|12
1727187I|4106605|01.20264303761888|E806509|0|0.206|0|0|0.206|0|6||25900810|+|4
1727187I|4106605|01.20264303761888|E806509|0|0.206|0|0|0.206|0|6||25900812|+|1
1727187I|4106605|01.20264303761888|E806509|0|0.206|0|0|0.206|0|6||25900853|-|4
1727187I|4106605|01.20264303761888|E806509|0|0.206|0|0|0.206|0|6||25900853|+|4
1727187I|4106605|01.20264303761888|E806509|0|0.206|0|0|0.206|0|6||25900854|+|4
1727187I|4106605|01.20264303761888|E806509|0|0.206|0|0|0.206|0|6||25900883|+|2
1727187I|4106605|01.20264303761888|E806509|0|0.206|0|0|0.206|0|6||25900942|+|11
1727187I|4106605|01.20264303761888|E806509|0|0.206|0|0|0.206|0|6||25900944|+|1
1727187I|4106605|01.20264303761888|E806509|0|0.206|0|0|0.206|0|6|7|25900792|-|0.1444
1727187I|4106605|01.20264303761888|E806509|0|0.206|0|0|0.206|0|6|7|25900940|+|0.0361
1727187I|4106605|01.20264303761888|E806509|0|0.206|0|0|0.206|0|7||25900761|+|1
1727187I|4106605|01.20264303761888|E806509|0|0.206|0|0|0.206|0|7||25900762|-|1
1727187I|4106605|01.20264303761888|E806509|0|0.206|0|0|0.206|0|7||25900810|-|8
1727187I|4106605|01.20264303761888|E806509|0|0.206|0|0|0.206|0|7||25900810|+|2
1727187I|4106605|01.20264303761888|E806509|0|0.206|0|0|0.206|0|7||25900812|+|1
1727187I|4106605|01.20264303761888|E806509|0|0.206|0|0|0.206|0|7||25900828|*-|3
1727187I|4106605|01.20264303761888|E806509|0|0.206|0|0|0.206|0|7||25900828|*+|3
1727187I|4106605|01.20264303761888|E806509|0|0.206|0|0|0.206|0|7||25900853|-|2
1727187I|4106605|01.20264303761888|E806509|0|0.206|0|0|0.206|0|7||25900853|+|2
1727187I|4106605|01.20264303761888|E806509|0|0.206|0|0|0.206|0|7||25900854|+|2
1727187I|4106605|01.20264303761888|E806509|0|0.206|0|0|0.206|0|7||25900883|+|2
1727187I|4106605|01.20264303761888|E806509|0|0.206|0|0|0.206|0|7||25900942|+|9
1727187I|4106605|01.20264303761888|E806509|0|0.206|0|0|0.206|0|8||25900812|+|1
1727187I|4106605|01.20264303761888|E806509|0|0.206|0|0|0.206|0|8||25900821|+|1
1727187I|4106605|01.20264303761888|E806509|0|0.206|0|0|0.206|0|9||25900812|+|1
1727187I|4106605|01.20264303761888|E806509|0|0.206|0|0|0.206|0|9||25900821|+|1
1727187I|4106605|01.20264303761888|E806509|0|0.206|0|0|0.206|0|1||15006315|-|3
1727187I|4106605|01.20264303761888|E806509|0|0.206|0|0|0.206|0|1||15006344|+|3
1727187I|4106605|01.20264303761888|E806509|0|0.206|0|0|0.206|0|1||20004355|-|1
1727187I|4106605|01.20264303761888|E806509|0|0.206|0|0|0.206|0|1||20004412|+|1
1727187I|4106605|01.20264303761888|E806509|0|0.206|0|0|0.206|0|2||15004337|-|4
1727187I|4106605|01.20264303761888|E806509|0|0.206|0|0|0.206|0|2||15004337|+|1
1727187I|4106605|01.20264303761888|E806509|0|0.206|0|0|0.206|0|2||15004401|-|4
1727187I|4106605|01.20264303761888|E806509|0|0.206|0|0|0.206|0|2||15004441|+|1
1727187I|4106605|01.20264303761888|E806509|0|0.206|0|0|0.206|0|2||15004590|-|2
1727187I|4106605|01.20264303761888|E806509|0|0.206|0|0|0.206|0|2||15004590|+|2
1727187I|4106605|01.20264303761888|E806509|0|0.206|0|0|0.206|0|2||15005508|+|1
1727187I|4106605|01.20264303761888|E806509|0|0.206|0|0|0.206|0|2||15008003|-|1
1727187I|4106605|01.20264303761888|E806509|0|0.206|0|0|0.206|0|2||15011065|-|3
1727187I|4106605|01.20264303761888|E806509|0|0.206|0|0|0.206|0|2||15011065|+|1
1727187I|4106605|01.20264303761888|E806509|0|0.206|0|0|0.206|0|2||15011477|-|3
1727187I|4106605|01.20264303761888|E806509|0|0.206|0|0|0.206|0|2||15011477|+|1
1727187I|4106605|01.20264303761888|E806509|0|0.206|0|0|0.206|0|2||15014003|+|2
1727187I|4106605|01.20264303761888|E806509|0|0.206|0|0|0.206|0|2||15014031|+|3
1727187I|4106605|01.20264303761888|E806509|0|0.206|0|0|0.206|0|2||15014036|+|1
1727187I|4106605|01.20264303761888|E806509|0|0.206|0|0|0.206|0|2||15015066|+|1
1727187I|4106605|01.20264303761888|E806509|0|0.206|0|0|0.206|0|2||15018902|-|2
1727187I|4106605|01.20264303761888|E806509|0|0.206|0|0|0.206|0|2||15018907|-|2
1727187I|4106605|01.20264303761888|E806509|0|0.206|0|0|0.206|0|2||15018937|+|1
1727187I|4106605|01.20264303761888|E806509|0|0.206|0|0|0.206|0|2||20009692|-|20
1727187I|4106605|01.20264303761888|E806509|0|0.206|0|0|0.206|0|2||20009692|+|20
1727187I|4106605|01.20264303761888|E806509|0|0.206|0|0|0.206|0|2||20009716|+|0.5
1727187I|4106605|01.20264303761888|E806509|0|0.206|0|0|0.206|0|2|3|20009716|+|44.541
1727187I|4106605|01.20264303761888|E806509|0|0.206|0|0|0.206|0|2|3|20011624|-|16.317
1727187I|4106605|01.20264303761888|E806509|0|0.206|0|0|0.206|0|3||15004337|-|4
1727187I|4106605|01.20264303761888|E806509|0|0.206|0|0|0.206|0|3||15004590|-|6
1727187I|4106605|01.20264303761888|E806509|0|0.206|0|0|0.206|0|3||15004590|+|6
1727187I|4106605|01.20264303761888|E806509|0|0.206|0|0|0.206|0|3||15008003|-|1
1727187I|4106605|01.20264303761888|E806509|0|0.206|0|0|0.206|0|3||15011039|-|2
1727187I|4106605|01.20264303761888|E806509|0|0.206|0|0|0.206|0|3||15011039|+|2
1727187I|4106605|01.20264303761888|E806509|0|0.206|0|0|0.206|0|3||15011477|-|2
1727187I|4106605|01.20264303761888|E806509|0|0.206|0|0|0.206|0|3||15011477|+|2
1727187I|4106605|01.20264303761888|E806509|0|0.206|0|0|0.206|0|3||15011854|-|4
1727187I|4106605|01.20264303761888|E806509|0|0.206|0|0|0.206|0|3||15014003|+|2
1727187I|4106605|01.20264303761888|E806509|0|0.206|0|0|0.206|0|3||15014031|+|9
1727187I|4106605|01.20264303761888|E806509|0|0.206|0|0|0.206|0|3||15015976|+|1
1727187I|4106605|01.20264303761888|E806509|0|0.206|0|0|0.206|0|3||15018902|-|9
1727187I|4106605|01.20264303761888|E806509|0|0.206|0|0|0.206|0|3||15018907|-|2
1727187I|4106605|01.20264303761888|E806509|0|0.206|0|0|0.206|0|3||15019050|+|3
1727187I|4106605|01.20264303761888|E806509|0|0.206|0|0|0.206|0|3||20009698|-|60
1727187I|4106605|01.20264303761888|E806509|0|0.206|0|0|0.206|0|3||20009698|+|60
1727187I|4106605|01.20264303761888|E806509|0|0.206|0|0|0.206|0|3||20009716|+|0.5
1727187I|4106605|01.20264303761888|E806509|0|0.206|0|0|0.206|0|3|4|20009716|+|44.541
1727187I|4106605|01.20264303761888|E806509|0|0.206|0|0|0.206|0|3|4|20011624|-|16.317
1727187I|4106605|01.20264303761888|E806509|0|0.206|0|0|0.206|0|4||15004337|-|4
1727187I|4106605|01.20264303761888|E806509|0|0.206|0|0|0.206|0|4||15004590|-|2
1727187I|4106605|01.20264303761888|E806509|0|0.206|0|0|0.206|0|4||15004590|+|2
1727187I|4106605|01.20264303761888|E806509|0|0.206|0|0|0.206|0|4||15008003|-|1
1727187I|4106605|01.20264303761888|E806509|0|0.206|0|0|0.206|0|4||15011093|-|2
1727187I|4106605|01.20264303761888|E806509|0|0.206|0|0|0.206|0|4||15011093|+|2
1727187I|4106605|01.20264303761888|E806509|0|0.206|0|0|0.206|0|4||15011477|-|2
1727187I|4106605|01.20264303761888|E806509|0|0.206|0|0|0.206|0|4||15011477|+|2
1727187I|4106605|01.20264303761888|E806509|0|0.206|0|0|0.206|0|4||15011854|-|4
1727187I|4106605|01.20264303761888|E806509|0|0.206|0|0|0.206|0|4||15014003|+|2
1727187I|4106605|01.20264303761888|E806509|0|0.206|0|0|0.206|0|4||15014031|+|3
1727187I|4106605|01.20264303761888|E806509|0|0.206|0|0|0.206|0|4||15014036|+|1
1727187I|4106605|01.20264303761888|E806509|0|0.206|0|0|0.206|0|4||15015976|+|1
1727187I|4106605|01.20264303761888|E806509|0|0.206|0|0|0.206|0|4||15018902|-|2
1727187I|4106605|01.20264303761888|E806509|0|0.206|0|0|0.206|0|4||15018907|-|2
1727187I|4106605|01.20264303761888|E806509|0|0.206|0|0|0.206|0|4||15018937|+|1
1727187I|4106605|01.20264303761888|E806509|0|0.206|0|0|0.206|0|4||20009692|-|20
1727187I|4106605|01.20264303761888|E806509|0|0.206|0|0|0.206|0|4||20009692|+|20
1727187I|4106605|01.20264303761888|E806509|0|0.206|0|0|0.206|0|4||20009716|+|0.5
1727187I|4106605|01.20264303761888|E806509|0|0.206|0|0|0.206|0|4|5|20009716|+|41.41
1727187I|4106605|01.20264303761888|E806509|0|0.206|0|0|0.206|0|4|5|20011624|-|15.17
1727187I|4106605|01.20264303761888|E806509|0|0.206|0|0|0.206|0|5||15004337|-|4
1727187I|4106605|01.20264303761888|E806509|0|0.206|0|0|0.206|0|5||15008003|-|1
1727187I|4106605|01.20264303761888|E806509|0|0.206|0|0|0.206|0|5||15011039|-|2
1727187I|4106605|01.20264303761888|E806509|0|0.206|0|0|0.206|0|5||15011039|+|2
1727187I|4106605|01.20264303761888|E806509|0|0.206|0|0|0.206|0|5||15011477|-|2
1727187I|4106605|01.20264303761888|E806509|0|0.206|0|0|0.206|0|5||15011477|+|2
1727187I|4106605|01.20264303761888|E806509|0|0.206|0|0|0.206|0|5||15011854|-|4
1727187I|4106605|01.20264303761888|E806509|0|0.206|0|0|0.206|0|5||15014003|+|2
1727187I|4106605|01.20264303761888|E806509|0|0.206|0|0|0.206|0|5||15014031|+|3
1727187I|4106605|01.20264303761888|E806509|0|0.206|0|0|0.206|0|5||15015976|+|1
1727187I|4106605|01.20264303761888|E806509|0|0.206|0|0|0.206|0|5||15018907|-|2
1727187I|4106605|01.20264303761888|E806509|0|0.206|0|0|0.206|0|5||20009716|+|0.5
1727187I|4106605|01.20264303761888|E806509|0|0.206|0|0|0.206|0|5|6|20009716|+|41.41
1727187I|4106605|01.20264303761888|E806509|0|0.206|0|0|0.206|0|5|6|20011624|-|15.17
1727187I|4106605|01.20264303761888|E806509|0|0.206|0|0|0.206|0|6||15004337|-|4
1727187I|4106605|01.20264303761888|E806509|0|0.206|0|0|0.206|0|6||15004590|-|8
1727187I|4106605|01.20264303761888|E806509|0|0.206|0|0|0.206|0|6||15004590|+|8
1727187I|4106605|01.20264303761888|E806509|0|0.206|0|0|0.206|0|6||15008003|-|1
1727187I|4106605|01.20264303761888|E806509|0|0.206|0|0|0.206|0|6||15011039|-|2
1727187I|4106605|01.20264303761888|E806509|0|0.206|0|0|0.206|0|6||15011039|+|2
1727187I|4106605|01.20264303761888|E806509|0|0.206|0|0|0.206|0|6||15011477|-|2
1727187I|4106605|01.20264303761888|E806509|0|0.206|0|0|0.206|0|6||15011477|+|2
1727187I|4106605|01.20264303761888|E806509|0|0.206|0|0|0.206|0|6||15011854|-|4
1727187I|4106605|01.20264303761888|E806509|0|0.206|0|0|0.206|0|6||15014003|+|2
1727187I|4106605|01.20264303761888|E806509|0|0.206|0|0|0.206|0|6||15014031|+|7
1727187I|4106605|01.20264303761888|E806509|0|0.206|0|0|0.206|0|6||15014036|+|2
1727187I|4106605|01.20264303761888|E806509|0|0.206|0|0|0.206|0|6||15015976|+|1
1727187I|4106605|01.20264303761888|E806509|0|0.206|0|0|0.206|0|6||15018902|-|10
1727187I|4106605|01.20264303761888|E806509|0|0.206|0|0|0.206|0|6||15018907|-|2
1727187I|4106605|01.20264303761888|E806509|0|0.206|0|0|0.206|0|6||15018937|+|2
1727187I|4106605|01.20264303761888|E806509|0|0.206|0|0|0.206|0|6||15019050|+|2
1727187I|4106605|01.20264303761888|E806509|0|0.206|0|0|0.206|0|6||20009692|-|40
1727187I|4106605|01.20264303761888|E806509|0|0.206|0|0|0.206|0|6||20009692|+|40
1727187I|4106605|01.20264303761888|E806509|0|0.206|0|0|0.206|0|6||20009698|-|40
1727187I|4106605|01.20264303761888|E806509|0|0.206|0|0|0.206|0|6||20009698|+|40
1727187I|4106605|01.20264303761888|E806509|0|0.206|0|0|0.206|0|6||20009716|+|0.5
1727187I|4106605|01.20264303761888|E806509|0|0.206|0|0|0.206|0|6|7|20009716|+|36.461
1727187I|4106605|01.20264303761888|E806509|0|0.206|0|0|0.206|0|6|7|20011624|-|13.357
1727187I|4106605|01.20264303761888|E806509|0|0.206|0|0|0.206|0|7||15004337|-|4
1727187I|4106605|01.20264303761888|E806509|0|0.206|0|0|0.206|0|7||15004337|+|1
1727187I|4106605|01.20264303761888|E806509|0|0.206|0|0|0.206|0|7||15004401|-|4
1727187I|4106605|01.20264303761888|E806509|0|0.206|0|0|0.206|0|7||15004441|+|1
1727187I|4106605|01.20264303761888|E806509|0|0.206|0|0|0.206|0|7||15004590|-|4
1727187I|4106605|01.20264303761888|E806509|0|0.206|0|0|0.206|0|7||15004590|+|4
1727187I|4106605|01.20264303761888|E806509|0|0.206|0|0|0.206|0|7||15005508|+|1
1727187I|4106605|01.20264303761888|E806509|0|0.206|0|0|0.206|0|7||15008003|-|1
1727187I|4106605|01.20264303761888|E806509|0|0.206|0|0|0.206|0|7||15011065|-|3
1727187I|4106605|01.20264303761888|E806509|0|0.206|0|0|0.206|0|7||15011065|+|1
1727187I|4106605|01.20264303761888|E806509|0|0.206|0|0|0.206|0|7||15011477|-|3
1727187I|4106605|01.20264303761888|E806509|0|0.206|0|0|0.206|0|7||15011477|+|1
1727187I|4106605|01.20264303761888|E806509|0|0.206|0|0|0.206|0|7||15014003|+|2
1727187I|4106605|01.20264303761888|E806509|0|0.206|0|0|0.206|0|7||15014031|+|7
1727187I|4106605|01.20264303761888|E806509|0|0.206|0|0|0.206|0|7||15015066|+|1
1727187I|4106605|01.20264303761888|E806509|0|0.206|0|0|0.206|0|7||15018902|-|6
1727187I|4106605|01.20264303761888|E806509|0|0.206|0|0|0.206|0|7||15018907|-|2
1727187I|4106605|01.20264303761888|E806509|0|0.206|0|0|0.206|0|7||15019050|+|2
1727187I|4106605|01.20264303761888|E806509|0|0.206|0|0|0.206|0|7||20009698|-|40
1727187I|4106605|01.20264303761888|E806509|0|0.206|0|0|0.206|0|7||20009698|+|40
1727187I|4106605|01.20264303761888|E806509|0|0.206|0|0|0.206|0|7||20009716|+|0.5
